>> A=[1:3;4,2,6;7,4,9]

A =

     1     2     3
     4     2     6
     7     4     9

>> B=[4:2;7,5,1;12,7,92]

B =

     7     5     1
    12     7    92

>>  B=[4,3,2;7,5,1;12,7,92]

B =

     4     3     2
     7     5     1
    12     7    92

>> C1=B/A

C1 =

   -0.1667   -3.3333    2.5000
   -0.8333   -7.6667    5.5000
   12.8333   63.6667  -36.5000

>> C2=A/B

C2 =

    7.9623   -4.2453   -0.0943
   -4.5472    2.9434    0.1321
   -5.1321    3.6415    0.1698

>> 4/3

ans =

    1.3333

>> 3/4

ans =

    0.7500

>> 4\3

ans =

    0.7500

>> 3\4

ans =

    1.3333

>> a=[10.5,25]

a =

   10.5000   25.0000

>> a/5

ans =

    2.1000    5.0000

>> 5\a

ans =

    2.1000    5.0000

>> C3=A\B

C3 =

    0.5000   -0.5000   44.5000
    1.0000    0.0000   46.0000
    0.5000    1.1667  -44.8333

>> A=[1:3;4:6;7,8,0]

A =

     1     2     3
     4     5     6
     7     8     0

>> A^2

ans =

    30    36    15
    66    81    42
    39    54    69

>> A=[1:3;4:6;7:9]

A =

     1     2     3
     4     5     6
     7     8     9

>> B=[]-1,0,1;1,-1,0;0,1,1]
 B=[]-1,0,1;1,-1,0;0,1,1]
                        ↑
无效表达式。调用函数或对变量进行索引时，请使用圆括号。否则，请检查不匹配的分隔符。
 
>> B=[-1,0,1;1,-1,0;0,1,1]

B =

    -1     0     1
     1    -1     0
     0     1     1

>> C=A.*B

C =

    -1     0     3
     4    -5     0
     0     8     9

>> D=A*B

D =

     1     1     4
     1     1    10
     1     1    16

>> x=0.1:0,3:1

x =

  空的 1×0 double 行向量


ans =

  空的 1×0 double 行向量

>> y=sin(x).*cos(x)

y =

  空的 1×0 double 行向量

>> x=0.1:0.3:1

x =

    0.1000    0.4000    0.7000    1.0000

>> y=sin(x).*cos(x)

y =

    0.0993    0.3587    0.4927    0.4546

>> 
>> 3>4

ans =

  logical

   0

>> x=5

x =

     5

>> x==5

ans =

  logical

   1

>> A=[24,35,13;22,63,23;39,47,80]

A =

    24    35    13
    22    63    23
    39    47    80

>> P=rem(A,2)==0

P =

  3×3 logical 数组

   1   0   0
   1   0   0
   0   0   1

>> 3<4&6>5

ans =

  logical

   1

>> ~(9==1)

ans =

  logical

   1

>> ~9==1

ans =

  logical

   0

>> m=100:999

m =

  列 1 至 12

   100   101   102   103   104   105   106   107   108   109   110   111

  列 13 至 24

   112   113   114   115   116   117   118   119   120   121   122   123

  列 25 至 36

   124   125   126   127   128   129   130   131   132   133   134   135

  列 37 至 48

   136   137   138   139   140   141   142   143   144   145   146   147

  列 49 至 60

   148   149   150   151   152   153   154   155   156   157   158   159

  列 61 至 72

   160   161   162   163   164   165   166   167   168   169   170   171

  列 73 至 84

   172   173   174   175   176   177   178   179   180   181   182   183

  列 85 至 96

   184   185   186   187   188   189   190   191   192   193   194   195

  列 97 至 108

   196   197   198   199   200   201   202   203   204   205   206   207

  列 109 至 120

   208   209   210   211   212   213   214   215   216   217   218   219

  列 121 至 132

   220   221   222   223   224   225   226   227   228   229   230   231

  列 133 至 144

   232   233   234   235   236   237   238   239   240   241   242   243

  列 145 至 156

   244   245   246   247   248   249   250   251   252   253   254   255

  列 157 至 168

   256   257   258   259   260   261   262   263   264   265   266   267

  列 169 至 180

   268   269   270   271   272   273   274   275   276   277   278   279

  列 181 至 192

   280   281   282   283   284   285   286   287   288   289   290   291

  列 193 至 204

   292   293   294   295   296   297   298   299   300   301   302   303

  列 205 至 216

   304   305   306   307   308   309   310   311   312   313   314   315

  列 217 至 228

   316   317   318   319   320   321   322   323   324   325   326   327

  列 229 至 240

   328   329   330   331   332   333   334   335   336   337   338   339

  列 241 至 252

   340   341   342   343   344   345   346   347   348   349   350   351

  列 253 至 264

   352   353   354   355   356   357   358   359   360   361   362   363

  列 265 至 276

   364   365   366   367   368   369   370   371   372   373   374   375

  列 277 至 288

   376   377   378   379   380   381   382   383   384   385   386   387

  列 289 至 300

   388   389   390   391   392   393   394   395   396   397   398   399

  列 301 至 312

   400   401   402   403   404   405   406   407   408   409   410   411

  列 313 至 324

   412   413   414   415   416   417   418   419   420   421   422   423

  列 325 至 336

   424   425   426   427   428   429   430   431   432   433   434   435

  列 337 至 348

   436   437   438   439   440   441   442   443   444   445   446   447

  列 349 至 360

   448   449   450   451   452   453   454   455   456   457   458   459

  列 361 至 372

   460   461   462   463   464   465   466   467   468   469   470   471

  列 373 至 384

   472   473   474   475   476   477   478   479   480   481   482   483

  列 385 至 396

   484   485   486   487   488   489   490   491   492   493   494   495

  列 397 至 408

   496   497   498   499   500   501   502   503   504   505   506   507

  列 409 至 420

   508   509   510   511   512   513   514   515   516   517   518   519

  列 421 至 432

   520   521   522   523   524   525   526   527   528   529   530   531

  列 433 至 444

   532   533   534   535   536   537   538   539   540   541   542   543

  列 445 至 456

   544   545   546   547   548   549   550   551   552   553   554   555

  列 457 至 468

   556   557   558   559   560   561   562   563   564   565   566   567

  列 469 至 480

   568   569   570   571   572   573   574   575   576   577   578   579

  列 481 至 492

   580   581   582   583   584   585   586   587   588   589   590   591

  列 493 至 504

   592   593   594   595   596   597   598   599   600   601   602   603

  列 505 至 516

   604   605   606   607   608   609   610   611   612   613   614   615

  列 517 至 528

   616   617   618   619   620   621   622   623   624   625   626   627

  列 529 至 540

   628   629   630   631   632   633   634   635   636   637   638   639

  列 541 至 552

   640   641   642   643   644   645   646   647   648   649   650   651

  列 553 至 564

   652   653   654   655   656   657   658   659   660   661   662   663

  列 565 至 576

   664   665   666   667   668   669   670   671   672   673   674   675

  列 577 至 588

   676   677   678   679   680   681   682   683   684   685   686   687

  列 589 至 600

   688   689   690   691   692   693   694   695   696   697   698   699

  列 601 至 612

   700   701   702   703   704   705   706   707   708   709   710   711

  列 613 至 624

   712   713   714   715   716   717   718   719   720   721   722   723

  列 625 至 636

   724   725   726   727   728   729   730   731   732   733   734   735

  列 637 至 648

   736   737   738   739   740   741   742   743   744   745   746   747

  列 649 至 660

   748   749   750   751   752   753   754   755   756   757   758   759

  列 661 至 672

   760   761   762   763   764   765   766   767   768   769   770   771

  列 673 至 684

   772   773   774   775   776   777   778   779   780   781   782   783

  列 685 至 696

   784   785   786   787   788   789   790   791   792   793   794   795

  列 697 至 708

   796   797   798   799   800   801   802   803   804   805   806   807

  列 709 至 720

   808   809   810   811   812   813   814   815   816   817   818   819

  列 721 至 732

   820   821   822   823   824   825   826   827   828   829   830   831

  列 733 至 744

