>> format rat
>> A=[1,3,2;-3,2,1;4,1,2]

A =

       1              3              2       
      -3              2              1       
       4              1              2       

>> det(inv(A))

ans =

       1/11    

>> 1/det(A)

ans =

       1/11    

>> for n=3:20
r(n)=rank(magic(n))
end

r =

       0              0              3       


r =

       0              0              3              3       


r =

       0              0              3              3              5       


r =

  列 1 至 5

       0              0              3              3              5       

  列 6

       5       


r =

  列 1 至 5

       0              0              3              3              5       

  列 6 至 7

       5              7       


r =

  列 1 至 5

       0              0              3              3              5       

  列 6 至 8

       5              7              3       


r =

  列 1 至 5

       0              0              3              3              5       

  列 6 至 9

       5              7              3              9       


r =

  列 1 至 5

       0              0              3              3              5       

  列 6 至 10

       5              7              3              9              7       


r =

  列 1 至 5

       0              0              3              3              5       

  列 6 至 10

       5              7              3              9              7       

  列 11

      11       


r =

  列 1 至 5

       0              0              3              3              5       

  列 6 至 10

       5              7              3              9              7       

  列 11 至 12

      11              3       


r =

  列 1 至 5

       0              0              3              3              5       

  列 6 至 10

       5              7              3              9              7       

  列 11 至 13

      11              3             13       


r =

  列 1 至 5

       0              0              3              3              5       

  列 6 至 10

       5              7              3              9              7       

  列 11 至 14

      11              3             13              9       


r =

  列 1 至 5

       0              0              3              3              5       

  列 6 至 10

       5              7              3              9              7       

  列 11 至 15

      11              3             13              9             15       


r =

  列 1 至 5

       0              0              3              3              5       

  列 6 至 10

       5              7              3              9              7       

  列 11 至 15

      11              3             13              9             15       

  列 16

       3       


r =

  列 1 至 5

       0              0              3              3              5       

  列 6 至 10

       5              7              3              9              7       

  列 11 至 15

      11              3             13              9             15       

  列 16 至 17

       3             17       


r =

  列 1 至 5

       0              0              3              3              5       

  列 6 至 10

       5              7              3              9              7       

  列 11 至 15

      11              3             13              9             15       

  列 16 至 18

       3             17             11       


r =

  列 1 至 5

       0              0              3              3              5       

  列 6 至 10

       5              7              3              9              7       

  列 11 至 15

      11              3             13              9             15       

  列 16 至 19

       3             17             11             19       


r =

  列 1 至 5

       0              0              3              3              5       

  列 6 至 10

       5              7              3              9              7       

  列 11 至 15

      11              3             13              9             15       

  列 16 至 20

       3             17             11             19              3       

>> bar(r)
>> grid on
>> axis([2,21,0,20])
>> bar(r)
grid on
axis([2,21,0,20])
>> A=[1,3,2;-3,2,1;4,1,2]

A =

       1              3              2       
      -3              2              1       
       4              1              2       

>> b=trace(A)

b =

       5       

>> t=sum(diag(A))

t =

       5       

>> x=[2 0 1;-1 1 0;-3 3 0]

x =

       2              0              1       
      -1              1              0       
      -3              3              0       

>> n=norm(x)

n =

    5909/1251  

>> n=norm(x,1)

n =

       6       

>> for n=2:10
c(n)=cond(hilb(n))
end

c =

       0           2603/135   


c =

       0           2603/135      27775/53    


c =

       0           2603/135      27775/53       62055/4     


c =

       0           2603/135      27775/53       62055/4       476607       


c =

  列 1 至 5

       0           2603/135      27775/53       62055/4       476607       

  列 6

       *       


c =

  列 1 至 5

       0           2603/135      27775/53       62055/4       476607       

  列 6 至 7

       *              *       


c =

  列 1 至 5

       0           2603/135      27775/53       62055/4       476607       

  列 6 至 8

       *              *              *       


c =

  列 1 至 5

       0           2603/135      27775/53       62055/4       476607       

  列 6 至 9

       *              *              *              *       


c =

  列 1 至 5

       0           2603/135      27775/53       62055/4       476607       

  列 6 至 10

       *              *              *              *              *       

>> format long
>> c'

ans =

   1.0e+13 *

                   0
   0.000000000001928
   0.000000000052406
   0.000000001551374
   0.000000047660725
   0.000001495105864
   0.000047536735656
   0.001525757556904
   0.049315340974782
   1.602491697370065