>> A=[1,1,0;1,0,5;1,10,2]

A =

     1     1     0
     1     0     5
     1    10     2

>> [X,D]=eig(A)

X =

   0.072196186226992   0.975064063761619   0.088619224195265
   0.523368974057523  -0.075013465822402  -0.635606218080313
   0.849042182514069  -0.208861321230112   0.766910274178584


D =

   8.249260679947779                   0                   0
                   0   0.923068166892526                   0
                   0                   0  -6.172328846840312

>> format
>> [X,D]=eig(A)

X =

    0.0722    0.9751    0.0886
    0.5234   -0.0750   -0.6356
    0.8490   -0.2089    0.7669


D =

    8.2493         0         0
         0    0.9231         0
         0         0   -6.1723

>> A*X(:,1)

ans =

    0.5956
    4.3174
    7.0040

>> D(1)*X(:,1)

ans =

    0.5956
    4.3174
    7.0040

>> D(1,1)*X(:,1)

ans =

    0.5956
    4.3174
    7.0040

>> R=[-1,2,0;2,-4,1;1,1,-6]

R =

    -1     2     0
     2    -4     1
     1     1    -6

>> S=[1,2;2,3]

S =

     1     2
     2     3

>> A=[R,zeros(3,2);zeros(2,3),S]

A =

    -1     2     0     0     0
     2    -4     1     0     0
     1     1    -6     0     0
     0     0     0     1     2
     0     0     0     2     3

>> [X1,d1]=eig(R)

X1 =

    0.8553    0.4517    0.1899
    0.4703   -0.8395   -0.5111
    0.2173   -0.3021    0.8383


d1 =

    0.0996         0         0
         0   -4.7165         0
         0         0   -6.3832

>> [X2,d2]=eig(S)

X2 =

   -0.8507    0.5257
    0.5257    0.8507


d2 =

   -0.2361         0
         0    4.2361

>> [X3,d3]=eig(A)

X3 =

    0.8553    0.4517    0.1899         0         0
    0.4703   -0.8395   -0.5111         0         0
    0.2173   -0.3021    0.8383         0         0
         0         0         0   -0.8507   -0.5257
         0         0         0    0.5257   -0.8507


d3 =

    0.0996         0         0         0         0
         0   -4.7165         0         0         0
         0         0   -6.3832         0         0
         0         0         0   -0.2361         0
         0         0         0         0    4.2361

>> eigshow
函数或变量 'eigshow' 无法识别。
 
>> A=[1,2;2,3]

A =

     1     2
     2     3

>> eigshow(A)
函数或变量 'eigshow' 无法识别。
 
>> eigshow(A4)
函数或变量 'A4' 无法识别。
 
>> x=[0,0.5,0.5,3,5.5,5.5,6,6,3,0;0,0,6,0,6,0,0,8,1,8]

x =

  列 1 至 8

         0    0.5000    0.5000    3.0000    5.5000    5.5000    6.0000    6.0000
         0         0    6.0000         0    6.0000         0         0    8.0000

  列 9 至 10

    3.0000         0
    1.0000    8.0000

>> A=[1,0.5;0,1]

A =

    1.0000    0.5000
         0    1.0000

>> y=A*x

y =

  列 1 至 8

         0    0.5000    3.5000    3.0000    8.5000    5.5000    6.0000   10.0000
         0         0    6.0000         0    6.0000         0         0    8.0000

  列 9 至 10

    3.5000    4.0000
    1.0000    8.0000

>> subplot(2,2,1)
>> fill(x(1,:),x(2,:),'r')
>> subplot(2,2,2)
>> fill(y(1,:),y(2,:),'r')